  0 01 23 45.67 +89 10 11.1 TEST
  1 16 10 47.74 +33 03 37.4 GAL   
  2 13 14 34.49 +20 30 25.2 RRAB  
  3 13 15 04.47 +19 42 53.2 RRC   
  4 13 15 19.72 +19 30 24.3 RRAB  
  5 13 15 55.17 +21 25 21.6 GAL   
  6 13 18 12.50 +17 22 02.5 RRAB  
  7 13 18 41.92 +17 45 24.5 RRAB  
  8 13 20 32.74 +19 09 22.7 RRC   
  9 13 21 18.43 +18 08 22.3 SXPHE 
 10 13 22 00.08 +18 27 09.1 RRAB  
 11 13 24 12.75 +17 02 18.1 EW    
 12 13 24 48.58 +17 41 10.4 EW    
 13 13 26 46.20 +21 00 57.8 GAL:  
 14 13 28 10.41 +19 38 16.6 LB    
 15 13 29 09.34 +18 00 17.5 RRAB  
 16 13 32 04.62 +18 31 03.3 RRAB  
 17 20 56 40.51 +41 18 27.8 RRAB  
 18 21 23 11.19 +35 52 09.4 RRAB  
 19 21 23 42.69 +35 44 22.9 EW    
 20 21 24 16.40 +36 35 48.1 EA    
 21 21 25 00.61 +36 03 28.3 EW    
 22 21 26 41.17 +35 46 40.0 LB    
 23 21 26 42.12 +35 59 51.2 LB    
 24 21 21 03.34 +36 26 12.8 EW    
 25 21 21 09.39 +36 41 35.9 CEP:  
 26 21 21 32.77 +36 49 30.8 RRAB  
 27 21 25 02.37 +36 19 55.6 EW    
 28 21 25 09.85 +36 12 04.4 IN:   
 29 21 26 10.20 +36 59 47.1 EW    
 30 21 28 06.19 +36 54 15.5 RS    
 31 21 28 45.61 +37 04 34.0 EW    
 32 21 21 27.80 +37 08 11.5 LB    
 33 21 23 03.32 +37 03 08.4 EA    
 34 21 23 18.21 +35 41 10.6 EW    
 35 21 23 37.87 +37 05 27.6 EA    
 36 21 24 20.55 +37 08 44.2 EA    
 37 21 24 26.78 +36 51 02.3 EW    
 38 21 27 43.71 +35 40 25.7 EW    
 39 17 40 07.83 +04 24 28.0 LB   
 40 17 40 29.79 +06 55 42.1 RRAB 
 41 17 40 35.50 +06 17 00.4 RRAB 
 42 17 41 18.87 +03 49 25.6 SR:  
 43 17 42 13.95 +05 42 45.2 EB   
 44 17 42 21.25 +04 18 42.2 SR   
 45 17 42 44.86 +04 46 37.4 EW   
 46 17 43 04.48 +06 54 44.4 RRAB 
 47 17 43 52.96 +06 36 02.3 EW   
 48 17 45 13.67 +05 03 15.6 LB   
 49 17 45 18.14 +08 14 20.9 RRAB 
 50 17 45 49.57 +05 13 49.9 LB   
 51 17 45 57.40 +05 02 45.6 RRAB 
 52 17 46 15.35 +06 14 14.5 SR   
 53 17 47 23.26 +06 10 26.7 EW   
 54 17 47 55.07 +08 15 58.3 EW   
 55 17 48 09.07 +05 08 33.3 RRAB 
 56 17 48 09.74 +06 09 09.8 EW   
 57 17 48 23.11 +06 37 29.5 SR:  
 58 17 48 29.26 +05 29 16.8 EA   
 59 17 48 34.33 +06 30 25.4 EB   
 60 17 48 34.57 +08 09 40.9 RRC  
 61 17 48 40.02 +08 29 06.0 RRAB 
 62 17 48 50.05 +05 59 20.3 LB   
 63 17 49 11.11 +08 24 26.2 RRC: 
 64 17 49 11.11 +06 03 53.0 RRAB 
 65 17 49 37.25 +06 51 44.2 SR:  
 66 17 49 46.77 +05 30 56.5 RRAB 
 67 17 49 51.67 +07 16 41.1 EW   
 68 17 50 46.76 +06 07 57.8 RRC  
 69 17 50 50.76 +07 51 10.8 SR   
 70 17 50 56.82 +06 21 19.7 LB   
 71 17 51 23.46 +08 25 02.5 RRAB:
 72 17 51 34.63 +07 40 30.7 RRC  
 73 17 51 37.90 +08 44 01.5 HADS 
 74 17 51 45.02 +03 47 54.8 LB   
 75 17 51 48.78 +09 26 33.6 RRAB 
 76 17 51 54.83 +05 26 14.8 LB   
 77 17 51 59.69 +03 56 22.6 RRC  
 78 17 52 02.92 +08 49 51.6 EW   
 79 17 52 05.13 +04 33 22.1 EA   
 80 17 52 24.09 +04 31 57.8 L    
 81 17 52 24.75 +09 16 16.1 RRC  
 82 17 52 31.50 +05 01 18.0 RRC  
 83 17 52 37.26 +07 20 49.9 EW   
 84 17 52 40.57 +08 28 06.2 EW   
 85 17 52 53.84 +04 24 34.4 RRC  
 86 17 53 04.03 +06 14 32.0 SR:  
 87 17 53 04.77 +06 13 45.7 RRAB 
 88 17 53 08.46 +04 32 04.2 RRC  
 89 17 53 22.29 +04 00 01.1 EW   
 90 17 53 32.34 +06 08 34.7 EW   
 91 17 53 44.10 +07 00 52.6 LB   
 92 17 53 50.57 +07 13 27.1 RRC  
 93 17 53 52.77 +06 11 25.7 LB:  
 94 17 54 23.42 +08 13 13.0 RRAB 
 95 17 54 23.45 +06 21 45.3 RRAB 
 96 17 54 24.07 +05 05 44.6 CWB: 
 97 17 54 34.54 +04 31 43.4 RRAB 
 98 17 55 12.15 +08 30 49.7 RRC  
 99 17 55 14.25 +07 55 00.6 EB   
100 17 55 22.79 +04 00 23.2 RRC  
101 17 55 34.54 +07 19 33.0 EW   
102 17 55 36.01 +09 04 14.8 RRAB 
103 17 55 44.14 +05 59 29.5 RRAB:
104 17 55 50.95 +08 11 09.9 EW   
105 17 55 59.58 +04 02 28.8 SR   
106 17 56 05.81 +08 11 35.3 CWA: 
107 17 56 17.88 +06 22 43.0 HADS 
108 17 56 41.05 +05 53 58.0 LB   
109 17 56 50.87 +08 08 02.0 RRC  
110 17 56 56.53 +04 19 08.5 LB   
111 17 57 01.57 +06 15 24.6 LB   
112 17 57 32.53 +05 19 20.2 RRC: 
113 17 57 42.66 +04 23 59.1 RRAB 
114 17 57 44.84 +07 32 52.6 RRC: 
115 17 57 46.82 +05 55 29.1 EW   
116 17 57 58.89 +04 09 47.6 EB   
117 17 58 01.29 +05 49 26.7 EB   
118 17 58 05.41 +09 02 33.3 RRAB 
119 17 58 07.94 +08 22 59.0 RRAB 
120 17 58 09.44 +08 05 09.5 RRAB 
121 17 58 21.36 +06 35 08.4 LB   
122 17 58 22.55 +05 53 15.2 EB   
123 17 58 28.58 +06 10 01.1 LB   
124 17 58 34.10 +06 02 56.6 LB:  
125 17 58 34.73 +05 01 06.0 LB   
126 17 58 40.05 +04 54 16.7 EB   
127 17 58 48.46 +07 16 42.6 EA   
128 17 58 59.30 +04 20 03.2 RRC  
129 17 59 11.58 +09 01 53.0 EA   
130 17 59 12.18 +07 52 05.4 LB   
131 17 59 15.95 +05 13 13.7 RRC  
132 17 59 19.71 +07 51 04.9 RRAB 
133 17 59 22.50 +05 07 33.1 EB   
134 17 59 29.36 +04 32 33.2 LB   
135 17 59 29.41 +08 45 41.8 EA   
136 17 59 39.81 +04 59 51.3 SR   
137 17 59 47.76 +09 22 41.9 RRC  
138 17 59 48.51 +08 10 48.3 EW   
139 18 00 00.75 +07 26 22.0 LB   
140 18 00 03.71 +04 41 21.4 RRAB 
141 18 00 07.82 +04 30 27.0 SR:  
142 18 00 12.49 +06 26 26.1 EW   
143 18 00 32.68 +06 50 24.0 LB   
144 18 00 37.01 +08 55 07.7 RRAB 
145 18 00 37.83 +05 06 00.7 EA   
146 18 00 56.85 +09 21 29.9 LB   
147 18 00 59.38 +07 21 22.4 RRC: 
148 18 01 00.83 +04 07 51.8 EW   
149 18 01 05.60 +06 21 14.1 RRAB 
150 18 02 03.93 +07 08 06.6 EW   
151 18 02 11.42 +07 26 42.7 LB   
152 18 02 12.50 +06 48 14.4 SR:  
153 18 02 13.54 +06 52 59.5 EB   
154 18 02 14.03 +08 12 18.4 EW   
155 18 02 23.14 +08 01 39.6 RRAB 
156 18 02 29.47 +07 12 47.6 RRAB 
157 18 02 36.98 +05 32 12.0 RRAB 
158 18 02 41.85 +04 33 02.0 EW   
159 18 02 49.98 +08 43 57.7 EW   
160 18 02 54.90 +06 34 10.1 EW   
161 18 02 57.07 +06 02 09.7 EB   
162 18 02 59.80 +07 22 02.3 LB   
163 18 03 05.98 +05 03 01.3 SR   
164 18 03 07.17 +04 20 41.4 LB   
165 18 03 10.52 +03 57 14.6 EW   
166 18 03 24.13 +05 16 56.1 LB   
167 18 03 24.67 +06 40 58.6 LB   
168 18 03 51.48 +08 05 36.6 EB   
169 18 04 04.70 +03 54 19.7 LB   
170 18 04 16.53 +08 23 39.1 LB   
171 18 04 22.43 +08 12 34.0 SR   
172 18 04 34.12 +04 43 20.6 EW   
173 18 04 39.62 +07 31 03.3 RRAB 
174 18 04 43.43 +05 53 27.3 RRAB 
175 18 04 51.24 +08 03 57.8 RRC  
176 18 04 58.48 +03 46 03.9 EB   
177 18 05 00.41 +06 22 51.1 LB   
178 18 05 27.92 +07 16 51.1 LB   
179 18 05 29.88 +06 07 53.3 EB   
180 18 05 35.60 +08 35 00.0 RRAB 
181 18 05 39.42 +05 10 11.8 HADS 
182 18 05 42.75 +05 20 18.1 EB   
183 18 05 49.45 +07 55 12.8 SR:  
184 18 05 54.43 +07 13 48.2 RRAB 
185 18 06 05.81 +05 54 54.4 RRAB 
186 18 06 12.13 +05 06 37.8 RRAB:
187 18 06 15.28 +07 06 35.1 RRC  
188 18 06 18.63 +08 55 20.5 EB   
189 18 06 30.80 +08 22 06.0 EB   
190 18 06 31.82 +03 59 52.8 SR:  
191 18 06 32.78 +04 29 32.2 RRAB 
192 18 06 36.54 +05 00 43.6 RRAB 
193 18 06 38.35 +08 02 52.2 EA   
194 18 06 46.37 +08 50 11.6 SR   
195 18 06 51.41 +05 09 30.2 EW   
196 18 06 56.18 +06 27 48.4 RRC  
197 18 07 05.65 +06 05 14.9 LB   
198 18 07 12.73 +04 58 10.3 EW   
199 18 07 16.39 +05 16 52.2 LB   
200 18 07 21.54 +05 32 13.3 SR   
201 18 07 36.93 +07 26 35.9 RRAB 
202 18 07 41.28 +06 45 28.6 SR:  
203 18 07 49.65 +05 27 51.6 EA   
204 18 07 56.04 +04 56 46.7 EW   
205 18 07 59.01 +04 45 55.6 LB   
206 18 08 01.92 +05 23 57.2 LB   
207 18 08 03.10 +06 14 14.3 SR   
208 18 08 10.12 +05 40 58.3 RRC: 
209 18 08 11.17 +03 52 53.6 RRAB 
210 18 08 14.53 +04 47 59.9 HADS 
211 18 08 24.30 +06 28 14.0 LB:  
212 18 08 24.31 +05 26 18.7 LB   
213 18 08 30.82 +05 39 11.8 RRAB 
214 18 08 44.55 +05 57 55.0 SR   
215 18 08 55.97 +05 12 35.7 SR:  
216 18 08 56.18 +05 57 10.1 EW   
217 18 09 04.43 +07 55 37.8 RRC: 
218 18 09 09.12 +05 04 23.6 EB   
219 18 09 09.16 +03 47 52.1 LB   
220 18 09 09.93 +07 28 09.8 SR   
221 18 09 13.54 +05 50 41.1 RRC  
222 18 09 23.78 +06 51 47.7 LB   
223 18 09 26.16 +05 35 58.9 EW   
224 18 09 27.62 +04 28 50.7 HADS 
225 18 09 48.60 +06 00 37.6 SR   
226 18 09 51.09 +05 03 47.2 EB   
227 18 09 53.94 +04 16 08.6 EA   
228 18 09 59.29 +04 44 29.1 RRAB 
229 18 10 07.79 +07 58 22.7 LB   
230 18 10 17.44 +08 11 27.1 EW   
231 18 10 20.07 +06 02 08.0 EB   
232 18 10 24.56 +05 27 16.3 EB   
233 18 10 29.54 +04 22 49.3 RRC  
234 18 10 55.71 +06 20 08.7 EB   
235 18 10 59.00 +05 07 48.6 LB   
236 18 11 05.34 +07 54 03.6 EW   
237 18 11 12.67 +05 26 17.1 EW   
238 18 11 20.03 +07 16 11.9 EW   
239 18 11 22.94 +03 43 39.2 RRAB 
240 18 11 25.22 +08 41 15.5 RRAB 
241 18 11 51.49 +03 50 02.6 EW   
242 18 12 07.63 +06 03 44.7 LB   
243 18 12 09.75 +05 18 40.1 SR   
244 18 12 14.39 +09 06 17.7 SR:  
245 18 12 21.45 +05 26 55.7 SR:  
246 18 12 29.32 +05 10 05.6 LB   
247 18 12 31.61 +05 21 09.6 EW   
248 18 12 37.32 +03 49 33.2 LB   
249 18 12 37.92 +07 18 23.1 RRAB 
250 18 12 40.09 +04 45 30.6 LB   
251 18 12 59.75 +04 20 35.3 LB   
252 18 13 00.21 +06 52 27.4 EB   
253 18 13 01.88 +03 40 41.8 LB   
254 18 13 06.78 +08 15 49.4 LB   
255 18 13 08.61 +05 25 22.3 SR:  
256 18 13 13.90 +06 16 54.9 SR   
257 18 13 21.93 +04 20 39.6 RRAB 
258 18 13 27.91 +06 23 12.4 SR:  
259 18 13 37.28 +06 53 38.4 LB   
260 18 13 44.99 +06 32 19.9 RRAB 
261 18 13 54.90 +04 42 37.9 EW   
262 18 13 56.50 +06 22 44.3 LB   
263 18 13 58.69 +08 55 44.0 EB   
264 18 14 07.60 +09 01 41.7 SR:  
265 18 14 12.34 +05 07 30.4 LB   
266 18 14 22.84 +05 31 30.7 RRAB 
267 18 14 22.88 +06 09 56.4 RRAB 
268 18 14 24.38 +07 12 52.2 SR   
269 18 15 04.17 +07 55 41.5 RRAB 
270 18 15 11.71 +06 47 02.6 RRAB 
271 18 15 13.53 +09 06 07.8 LB   
272 18 15 14.48 +07 29 35.4 LB   
273 18 15 20.96 +05 39 10.4 SR   
274 18 15 28.15 +06 47 52.9 EW   
275 18 15 31.44 +06 19 20.1 LB   
276 18 15 38.82 +06 29 58.9 SR   
277 18 15 47.01 +05 38 34.6 RRC  
278 18 15 47.87 +06 18 41.2 EB:  
279 18 15 48.94 +07 08 33.4 RRAB 
280 18 16 11.22 +07 21 48.1 LB   
281 18 16 18.43 +06 16 10.6 SR   
282 18 16 27.14 +06 42 55.5 SR:  
283 18 16 35.19 +05 34 35.0 SR   
284 18 16 40.10 +06 37 12.3 SR   
285 18 16 45.22 +07 57 50.1 RRC  
286 18 16 46.19 +08 18 49.5 LB   
287 18 16 50.09 +05 41 14.0 LB   
288 18 17 00.69 +04 29 24.7 LB   
289 18 17 11.39 +06 18 13.2 RRAB 
290 18 17 20.57 +06 08 43.7 EW   
291 18 17 22.37 +05 26 14.0 LB   
292 18 17 30.45 +08 14 47.1 EA   
293 18 17 32.09 +08 14 16.5 RRAB 
294 18 17 37.92 +04 58 12.4 EW   
295 18 18 00.35 +05 18 06.2 EA   
296 18 18 31.41 +04 15 21.9 SR:  
297 18 18 56.33 +04 40 05.5 SR   
298 18 18 57.01 +06 37 53.5 LB   
299 18 19 17.22 +04 57 27.5 RRAB 
300 18 19 18.43 +06 34 41.3 EW   
301 18 19 20.32 +04 39 48.0 EW   
302 18 19 21.17 +05 17 20.1 SR:  
303 18 19 21.38 +06 22 45.3 EB   
304 18 19 28.92 +05 37 54.0 RRAB 
305 18 19 34.90 +06 12 10.2 SR:  
306 18 19 52.67 +04 16 36.6 LB   
307 18 20 00.86 +08 25 09.5 EW:  
308 18 20 04.10 +04 11 34.4 EW   
309 18 20 15.58 +08 03 36.4 LB   
310 18 20 19.35 +06 20 05.9 LB   
311 18 20 30.08 +03 48 02.5 HADS 
312 18 20 55.11 +04 44 46.0 EW   
313 17 52 28.67 +07 01 01.4 EA   
314 17 54 37.74 +07 10 45.6 EW:  
315 17 58 54.93 +09 27 45.6 EB   
316 18 03 58.96 +06 21 30.6 EW   
317 18 03 51.37 +05 48 22.2 RRAB 
318 17 40 13.60 +04 53 04.5 RRAB 
319 17 40 13.70 +01 32 52.2 RRC: 
320 17 41 28.95 +03 23 43.7 RRC  
321 17 41 38.05 +03 46 56.0 EW   
322 17 41 49.84 +02 50 11.3 SR:  
323 17 41 51.99 +00 14 57.0 LB   
324 17 42 27.32 +03 38 33.6 LB   
325 17 42 42.58 +03 00 33.0 LB   
326 17 43 10.22 +03 29 35.3 SR   
327 17 43 48.31 +02 38 24.4 RRAB 
328 17 44 19.18 +03 25 23.3 EW   
329 17 44 19.48 +02 24 29.8 RRC  
330 17 44 32.92 +01 34 14.3 EW   
331 17 44 39.55 +02 44 18.4 LB   
332 17 45 00.38 +01 27 40.8 EB   
333 17 45 25.69 +02 16 45.9 HADS 
334 17 45 38.13 +01 15 32.8 RRAB 
335 17 45 40.46 +01 01 59.0 RRC  
336 17 48 41.52 -00 24 27.0 EW   
337 17 48 58.30 +02 02 14.0 EW   
338 17 49 06.54 +01 42 20.1 LB   
339 17 49 50.68 -00 11 01.2 RRC  
340 17 49 52.59 +03 30 03.0 RRC  
341 17 50 00.30 +04 38 17.5 RRAB 
342 17 50 02.07 +01 34 34.8 RRAB 
343 17 50 26.86 +02 19 22.3 LB   
344 17 50 43.07 +01 00 25.8 EW   
345 17 50 45.52 +01 23 52.1 RRAB 
346 17 50 51.48 +02 51 49.0 EW   
347 17 50 53.09 +03 36 11.7 EB   
348 17 50 57.92 -00 16 52.7 LB   
349 17 51 16.24 +00 10 28.4 LB   
350 17 51 21.04 +02 54 40.4 RRAB 
351 17 51 39.00 +04 32 07.6 RRC  
352 17 51 56.98 +01 30 50.5 LB   
353 17 52 18.41 +01 03 06.6 RRC  
354 17 52 28.53 +02 52 47.5 EA   
355 17 52 36.67 +00 41 23.0 EW   
356 17 52 44.91 +03 33 39.6 LB   
357 17 52 53.80 +02 15 56.1 EW   
358 17 53 07.39 +03 13 38.8 EB   
359 17 53 43.37 +01 52 35.6 RRAB 
360 17 53 44.15 +02 37 42.1 RRC  
361 17 53 50.82 -00 28 46.0 LB   
362 17 53 51.82 +00 28 39.3 LB   
363 17 54 01.86 +01 03 18.5 EW   
364 17 54 07.02 +02 04 02.5 EW   
365 17 54 08.42 +00 59 49.1 EA   
366 17 54 20.53 +04 52 02.9 LB   
367 17 54 24.89 +03 08 53.3 RRC  
368 17 54 29.29 +02 03 14.7 RRC  
369 17 54 58.62 +02 59 20.1 LB   
370 17 55 04.33 +02 25 49.9 EW   
371 17 55 09.14 +03 16 21.8 EW:  
372 17 55 45.75 +03 39 56.5 RRAB 
373 17 56 19.68 -00 13 56.1 SR   
374 17 56 27.85 +02 21 19.6 LB   
375 17 56 50.83 +01 45 57.6 EW   
376 17 56 54.05 +02 18 13.3 EA   
377 17 56 54.21 +03 37 52.8 RRC  
378 17 57 00.18 +03 56 41.6 EW   
379 17 57 04.24 +01 57 21.0 SR:  
380 17 57 15.15 +02 19 44.8 RRAB 
381 17 57 20.84 +03 36 04.3 RRAB 
382 17 57 24.00 +02 43 32.5 SR:  
383 17 57 26.64 +01 03 16.7 RRC  
384 17 57 40.53 +04 50 51.4 EB   
385 17 57 42.32 +04 39 07.9 EW   
386 17 57 43.63 +01 48 11.8 EB   
387 17 57 44.63 +02 30 43.6 SR   
388 17 57 49.71 -00 16 59.6 HADS 
389 17 58 03.93 +03 50 23.9 EW   
390 17 58 07.93 +00 22 03.9 LB   
391 17 58 15.64 +00 50 22.6 EW   
392 17 58 20.38 +03 01 58.3 RRAB 
393 17 58 22.68 +02 23 25.4 RRAB:
394 17 58 27.67 +03 32 56.7 RRC  
395 17 58 33.99 +02 44 08.8 EA   
396 17 58 50.31 +01 33 36.2 EB   
397 17 58 50.46 +01 27 30.9 RRAB 
398 17 58 53.88 +02 05 54.1 EW   
399 17 59 37.80 +02 19 56.6 EA   
400 18 00 04.74 +03 17 58.8 EB   
401 18 00 06.61 +02 39 54.1 RRAB 
402 18 00 07.86 +01 58 19.2 RRAB 
403 18 00 23.67 +04 08 24.0 SR:  
404 18 00 26.75 +01 23 26.3 EB   
405 18 00 51.43 +02 40 55.6 EB   
406 18 00 57.06 +01 39 57.4 EA   
407 18 01 06.44 +02 33 48.2 LB   
408 18 01 10.68 +01 50 53.5 RRAB:
409 18 01 33.22 +02 54 39.2 EW   
410 18 01 33.37 +03 41 16.2 LB   
411 18 01 50.67 +03 26 33.5 LB   
412 18 02 01.16 +03 34 57.1 RRC  
413 18 02 10.69 +00 43 27.4 EW   
414 18 02 13.38 +01 32 26.1 EW   
415 18 02 13.81 -00 21 45.0 LB   
416 18 02 25.08 +02 06 22.8 RRAB 
417 18 02 26.17 +01 54 25.4 RRAB 
418 18 02 26.37 +02 47 41.0 EW   
419 18 02 26.90 +03 24 24.8 RRAB:
420 18 02 29.40 +02 41 24.3 EB:  
421 18 02 34.68 +03 23 13.4 LB:  
422 18 02 34.86 +00 36 38.9 LB   
423 18 02 36.57 +02 00 59.1 RRAB 
424 18 02 40.41 +01 55 49.3 EW   
425 18 02 47.03 +00 00 35.8 RRC  
426 18 03 14.64 +03 25 20.4 EA   
427 18 03 36.31 +02 57 36.0 EW   
428 18 03 36.72 +02 18 15.3 RRC  
429 18 04 04.34 +01 14 26.3 LB   
430 18 04 14.77 +03 38 15.1 EW   
431 18 04 20.00 +03 08 57.6 LB   
432 18 04 31.14 +03 35 21.1 EW   
433 18 04 44.07 +03 20 09.4 EW   
434 18 04 54.72 +02 13 14.1 RRAB 
435 18 05 07.26 +01 17 30.5 EB   
436 18 05 09.29 +03 18 35.5 RRAB 
437 18 05 10.24 +03 01 39.7 RRC  
438 18 05 26.60 +02 13 56.3 EW   
439 18 05 33.48 +04 45 55.6 EB   
440 18 05 36.61 +01 40 10.2 LB   
441 18 05 38.04 +02 16 27.5 HADS 
442 18 05 46.79 +01 54 10.8 EW   
443 18 05 54.52 +03 31 56.2 RRC  
444 18 05 56.49 +02 55 28.2 EW   
445 18 06 03.38 +02 43 27.7 SR   
446 18 06 05.61 +04 24 37.2 EW   
447 18 06 07.63 +02 53 59.5 LB   
448 18 06 15.10 +01 49 40.9 LB   
449 18 06 32.51 +00 43 55.5 LB   
450 18 06 36.99 +03 38 09.0 EB   
451 18 06 37.43 +01 48 57.3 LB   
452 18 06 43.53 +01 36 52.4 SR:  
453 18 06 50.40 +02 13 47.0 SR:  
454 18 07 06.42 +02 48 03.3 RRC  
455 18 07 07.37 +02 10 04.2 RRC  
456 18 07 13.62 +04 09 00.7 RRAB 
457 18 07 17.19 +01 23 42.0 SR:  
458 18 07 23.06 +02 32 49.5 SR:  
459 18 07 30.13 +03 11 06.8 RRC  
460 18 07 50.48 +04 36 38.4 EA   
461 18 07 50.74 +02 25 20.5 EW   
462 18 07 54.59 +02 44 12.6 LB   
463 18 08 00.27 +01 17 31.1 EW   
464 18 08 01.09 +01 42 40.0 RRC  
465 18 08 10.33 +04 29 01.5 RRAB 
466 18 09 04.64 +02 55 11.7 EA   
467 18 09 13.43 +03 24 47.6 LB   
468 18 09 15.43 +01 51 02.5 LB   
469 18 09 26.68 +03 30 28.0 LB   
470 18 09 27.29 +02 31 40.2 LB   
471 18 09 42.02 +01 53 15.0 EW   
472 18 09 46.10 +02 22 33.8 EW   
473 18 10 11.80 +01 23 29.6 LB   
474 18 10 13.90 +02 10 06.5 RRAB 
475 18 10 16.59 +02 43 51.1 LB   
476 18 10 36.67 +02 29 47.5 LB   
477 18 10 46.84 +01 50 52.4 EW   
478 18 10 58.81 +02 03 41.5 LB   
479 18 11 09.70 +03 29 08.6 RRAB 
480 18 11 20.63 +02 20 37.9 EB   
481 18 11 22.79 +01 51 09.9 LB   
482 18 12 01.82 +01 45 42.5 RRC  
483 18 12 26.35 +02 42 16.3 EW   
484 18 12 27.20 +02 46 49.0 EA   
485 18 12 34.08 +03 53 04.4 LB   
486 18 12 40.81 +02 00 06.9 EW   
487 18 12 48.07 +03 26 41.8 LB   
488 18 12 50.51 +04 23 38.1 EB   
489 18 12 52.24 +02 55 22.9 RRAB 
490 18 13 16.62 +03 38 17.1 SR:  
491 18 13 19.22 +01 51 16.1 EW   
492 18 13 20.60 +02 03 10.3 RRAB 
493 18 13 30.87 +03 40 47.4 EW   
494 18 13 36.57 +03 28 48.2 RRAB 
495 18 13 48.88 +03 32 20.1 LB   
496 18 14 31.83 +03 32 38.1 LB   
497 18 14 53.82 +02 43 09.9 LB   
498 18 15 04.28 +03 20 17.8 EB   
499 18 15 21.24 +02 27 42.5 SR   
500 18 15 21.72 +02 37 49.8 RRAB 
501 18 15 25.97 +02 44 38.7 EW   
502 18 15 31.59 +02 49 17.4 RRAB 
503 18 15 46.26 +03 01 13.9 EA   
504 18 15 57.08 +04 07 55.5 RRC  
505 18 16 04.64 +02 37 58.3 RRC  
506 18 16 13.27 -00 03 00.8 EW   
507 18 16 20.59 +03 15 27.2 HADS 
508 18 16 23.15 +04 47 26.3 RRAB 
509 18 16 28.51 +02 06 02.5 LB   
510 18 16 51.76 +03 17 22.9 EB   
511 18 17 03.10 +03 31 15.3 LB   
512 18 17 20.27 +02 04 43.9 EB   
513 18 17 52.10 +01 54 48.4 EB   
514 18 18 16.28 +02 59 35.5 LB   
515 18 19 10.48 +03 34 44.9 CWB  
516 18 19 24.15 +03 03 11.6 RRC  
517 18 19 47.33 +02 01 03.0 RRC  
518 18 09 18.66 +02 34 54.2 HADS 
519 02 34 18.77 +63 12 43.0 EW   
520 02 36 47.01 +63 21 53.4 EA   
521 02 38 54.34 +63 37 40.4 EA   
522 02 39 14.71 +58 08 19.5 EW   
523 02 43 50.83 +58 26 00.7 EW   
524 02 44 53.48 +61 55 14.3 EA   
525 02 45 04.03 +57 43 09.6 RRC  
526 02 45 41.20 +58 06 40.3 EW   
527 02 45 47.15 +55 56 56.6 EB   
528 02 46 25.49 +59 37 02.4 EB   
529 02 47 31.07 +62 41 02.8 EW   
530 02 47 55.78 +61 53 19.3 EW   
531 02 47 56.32 +63 09 01.6 EW   
532 02 48 05.59 +57 56 04.2 DCEP 
533 02 49 58.34 +63 31 09.9 EW   
534 02 50 53.56 +63 01 38.6 RRAB 
535 02 51 12.24 +62 19 56.6 EA   
536 02 51 41.72 +61 23 50.3 EB   
537 02 52 04.99 +63 11 13.7 EW   
538 02 52 44.46 +62 00 12.6 EA   
539 02 53 00.46 +57 32 33.8 EA   
540 02 53 11.25 +58 00 18.7 EA   
541 02 54 31.03 +63 22 06.3 E/RS 
542 02 56 06.32 +63 45 16.3 EB   
543 02 57 04.51 +58 42 37.3 EW   
544 02 57 22.53 +61 38 20.2 EA   
545 02 57 23.92 +60 16 53.7 EW   
546 02 57 32.20 +60 17 38.3 EW   
547 02 58 28.56 +58 15 33.9 EB   
548 02 58 46.95 +57 12 12.0 RRC  
549 02 59 36.99 +59 51 45.2 EW   
550 03 00 07.65 +58 56 26.3 EB   
551 03 00 51.77 +56 42 21.3 LB   
552 03 03 13.59 +58 41 35.7 EW   
553 03 03 21.89 +63 16 12.4 EW   
554 03 04 26.32 +62 39 08.1 EW   
555 03 05 04.52 +58 27 53.9 EB   
556 03 05 52.35 +56 58 23.5 BY:  
557 03 06 17.43 +58 44 09.6 EW   
558 03 06 39.58 +58 55 10.9 EW:  
559 03 06 59.15 +62 19 36.7 EB   
560 03 07 07.54 +63 01 38.0 EW   
561 03 09 26.45 +62 22 09.5 EA   
562 03 09 58.63 +56 59 42.7 EW   
563 03 10 04.27 +56 36 30.2 EW   
564 03 10 50.08 +58 30 04.5 EB   
565 03 13 46.98 +63 20 58.2 DCEP 
566 03 13 52.21 +62 07 33.1 EA   
567 03 14 03.39 +61 44 43.2 EA   
568 03 14 55.29 +62 38 55.5 EA   
569 03 15 07.43 +63 19 53.6 L    
570 03 15 48.05 +60 31 01.7 EA   
571 03 16 49.35 +58 24 41.6 EW   
572 03 17 05.18 +63 23 01.7 EA   
573 03 17 11.31 +60 28 27.4 EA   
574 03 18 35.15 +62 21 49.5 EW   
575 03 20 01.02 +59 38 37.2 EW   
576 03 21 08.08 +58 51 23.4 EA   
577 03 21 54.04 +60 25 38.9 EW   
578 03 22 19.53 +62 20 51.1 EW:  
579 03 27 04.21 +62 02 12.4 EB   
580 03 27 27.98 +55 41 51.7 EB   
581 03 30 24.39 +59 58 47.6 EW   
582 03 31 13.89 +63 58 44.4 CEP  
583 03 32 52.50 +59 36 52.2 EW   
584 03 33 13.85 +60 27 00.7 EW   
585 03 33 21.12 +60 20 34.4 EB   
586 03 34 58.88 +62 36 53.0 EA   
587 03 35 18.79 +60 37 28.5 EB   
588 03 36 39.09 +57 56 53.9 BY:  
589 03 37 14.84 +60 02 41.6 HADS 
590 03 37 33.59 +60 09 26.2 EB   
591 03 37 41.90 +61 24 41.1 EB   
592 03 38 34.92 +57 41 44.4 EB   
593 03 38 54.10 +60 35 50.4 EB   
594 03 41 17.70 +62 27 42.9 EA   
595 03 45 55.68 +60 11 47.0 LB:  
